 2.45477            0.0096 0.0001758215208804296  7.55729603326609e-05   F322W2
 2.46433            0.0096 0.0002406983671317719  7.397237916100132e-05  F322W2
 2.47438            0.0105 0.00017066936779665135 6.76325204204848e-05   F322W2
 2.48443            0.0096 0.00013219971550211952 7.603809790874377e-05  F322W2
 2.49448            0.0105 0.00020629106698464629 7.105095192220173e-05  F322W2
 2.50454            0.0096 0.00012539657418645351 7.318909067159788e-05  F322W2
 2.5146             0.0105 0.0001669440497623332  6.805560150250515e-05  F322W2
 2.52466            0.0096 0.00020134194645514877 6.870218091463721e-05  F322W2
 2.53472            0.0105 0.00015519722694388004 6.738984298493715e-05  F322W2
 2.54479            0.0096 0.0001809538285126851  7.01992710193808e-05   F322W2
 2.55438            0.0096 0.0001673370436794013  7.175039001679234e-05  F322W2
 2.56446            0.0106 0.00017961506282101176 6.331555293827156e-05  F322W2
 2.57454            0.0096 0.00032683787282597286 7.103966132466637e-05  F322W2
 2.58462            0.0106 0.00025991126385971054 6.601490940286826e-05  F322W2
 2.5947             0.0096 0.00016279857536710178 6.455672255628418e-05  F322W2
 2.60431            0.0096 0.0002795157270219002  6.455773795222123e-05  F322W2
 2.61439            0.0106 0.00011003868060154065 5.987460491990902e-05  F322W2
 2.62449            0.0096 0.0002615939607254024  6.53298047590974e-05   F322W2
 2.63458            0.0106 0.00018800959190857862 5.9219011731598755e-05 F322W2
 2.64468            0.0096 0.00015039581222881865 6.175042133782217e-05  F322W2
 2.6543             0.0096 0.0002030218761375567  6.406436772365551e-05  F322W2
 2.6644             0.0106 0.00020274455841180894 5.9589909406390946e-05 F322W2
 2.67451            0.0096 0.00016221566445838876 6.144321144528224e-05  F322W2
 2.68462            0.0106 0.00014944911465983475 5.824891743880752e-05  F322W2
 2.69473            0.0096 0.00023039048832621862 6.108025463062447e-05  F322W2
 2.70436            0.0096 0.0001221712279084567  5.971633956543696e-05  F322W2
 2.71448            0.0106 0.0002260232350165353  5.698156262244926e-05  F322W2
 2.7246             0.0096 0.00017971737365285028 5.9088698455652745e-05 F322W2
 2.73424            0.0096 0.00013452048146151652 5.94000093114258e-05   F322W2
 2.74437            0.0106 0.00016997249045509286 5.744739921816781e-05  F322W2
 2.75449            0.0097 0.0003035067038861648  5.9219807923339866e-05 F322W2
 2.76462            0.0106 0.00025497053925529415 5.602283119953289e-05  F322W2
 2.77476            0.0097 0.00015358910203188206 5.966287534111561e-05  F322W2
 2.78441            0.0097 0.0001353329047925097  5.871304974292796e-05  F322W2
 2.79455            0.0106 0.00020030118979815414 5.762976819273732e-05  F322W2
 2.80469            0.0097 8.822862093711346e-05  5.8732889500568064e-05 F322W2
 2.81435            0.0097 0.00023060470853901812 5.9010485545973456e-05 F322W2
 2.8245             0.0106 0.00016278065828684638 5.6747413909104816e-05 F322W2
 2.83464            0.0097 0.00023897752585291685 5.8953329874510455e-05 F322W2
 2.84431            0.0097 0.00024783592165601693 5.876609108950314e-05  F322W2
 2.85446            0.0106 0.0002282939734974548  5.9335008942794815e-05 F322W2
 2.86462            0.0097 0.00019191675922145722 5.709657406830069e-05  F322W2
 2.87429            0.0097 0.0002047560659944051  6.128943405356927e-05  F322W2
 2.88445            0.0107 -4.502039448614952e-06 5.836679557104075e-05  F322W2
 2.89462            0.0097 0.0002542872327870918  6.106333338551588e-05  F322W2
 2.9043             0.0097 0.00037067951345917205 5.878885523106562e-05  F322W2
 2.91447            0.0107 0.00034477632514639503 5.5095891476469474e-05 F322W2
 2.92464            0.0097 0.0003883807505918261  5.772864627265386e-05  F322W2
 2.93432            0.0097 0.0002651771566986009  5.964088668931987e-05  F322W2
 2.9445             0.0107 0.0003234761868756108  5.354220210232779e-05  F322W2
 2.95467            0.0097 0.0002874622285764687  5.683589968672928e-05  F322W2
 2.96437            0.0097 0.0001744997701685895  5.718872131289306e-05  F322W2
 2.97455            0.0107 0.0003127714612346585  5.698078960049815e-05  F322W2
 2.98473            0.0097 0.00026077603050536413 5.4492622312121254e-05 F322W2
 2.99443            0.0097 0.000296680232308281   5.7266904444019966e-05 F322W2
 3.00462            0.0107 0.0002949905129474699  5.488856996369505e-05  F322W2
 3.01481            0.0097 0.00022364565370585832 5.632348742946104e-05  F322W2
 3.02452            0.0097 0.00023441772554073985 5.795919460674403e-05  F322W2
 3.03422            0.0097 0.00028992105281720987 5.706715206618904e-05  F322W2
 3.04442            0.0107 0.00029010213321959755 5.6649829122368214e-05 F322W2
 3.05462            0.0097 0.0003026599470025074  5.702494460815332e-05  F322W2
 3.06433            0.0097 0.00027458571289432234 5.56771658037455e-05   F322W2
 3.07453            0.0107 0.0004176281446157596  5.4785676020720175e-05 F322W2
 3.08474            0.0097 0.00031887302786335383 5.5710612829375517e-05 F322W2
 3.09446            0.0097 0.0003587620089388182  5.69615405718829e-05   F322W2
 3.10418            0.0097 0.0002795973436911682  5.628491135730983e-05  F322W2
 3.11439            0.0107 0.00039182786464564737 5.414417266010687e-05  F322W2
 3.1246             0.0097 0.0004262723025634705  5.711383371292576e-05  F322W2
 3.13433            0.0097 0.00033282091227332145 5.634018619326396e-05  F322W2
 3.14454            0.0107 0.00043130456475237624 5.322331719441466e-05  F322W2
 3.15476            0.0097 0.0003783184284825847  5.482551513088626e-05  F322W2
 3.16449            0.0097 0.00033407693569524567 5.662538928863096e-05  F322W2
 3.17423            0.0097 0.00041357297667522433 5.287985459893127e-05  F322W2
 3.18445            0.0107 0.0004906553958661905  5.4172435085883204e-05 F322W2
 3.19467            0.0097 0.0004522196742372347  5.624312715465398e-05  F322W2
 3.20441            0.0097 0.00042645352704531893 5.6066761633401904e-05 F322W2
 3.21464            0.0107 0.0004211246129209998  5.289837797280708e-05  F322W2
 3.22487            0.0097 0.0003762805207076438  5.599303864310627e-05  F322W2
 3.23461            0.0097 0.00040069283041174026 5.6019440967586204e-05 F322W2
 3.24436            0.0097 0.0005077172031561081  5.679208757341795e-05  F322W2
 3.25459            0.0107 0.0003597817203153603  5.253666060756958e-05  F322W2
 3.26483            0.0097 0.0004764410566031967  5.837202355750921e-05  F322W2
 3.27458            0.0097 0.0005036154453468082  5.705035979702196e-05  F322W2
 3.28433            0.0098 0.00033713402799239546 5.5576088906897555e-05 F322W2
 3.29457            0.0107 0.0005672388491435942  5.204124415966116e-05  F322W2
 3.30482            0.0098 0.0003754420628929872  5.489270327348437e-05  F322W2
 3.31457            0.0097 0.0005309873826048031  5.521755636142765e-05  F322W2
 3.32433            0.0098 0.000497949922718332   5.6289876339448825e-05 F322W2
 3.33458            0.0107 0.00048085717880984584 5.368891944527508e-05  F322W2
 3.34483            0.0098 0.00047099472461227234 5.3716851246739485e-05 F322W2
 3.35459            0.0098 0.00041101274865666963 5.438077114624279e-05  F322W2
 3.36435            0.0098 0.0004923849327742753  5.356148907298966e-05  F322W2
 3.37461            0.0108 0.0003751213525104768  5.214991765472288e-05  F322W2
 3.38486            0.0098 0.0005168811614111109  5.658626332093173e-05  F322W2
 3.39463            0.0098 0.0004150286703214558  5.59723883283187e-05   F322W2
 3.4044             0.0098 0.0005358479961588029  5.815526333142395e-05  F322W2
 3.41417            0.0098 0.0005036179975539526  5.6388941099829965e-05 F322W2
 3.42443            0.0108 0.00043275274685823217 5.305426794827013e-05  F322W2
 3.43469            0.0098 0.0004659285793788623  5.609573659583454e-05  F322W2
 3.44446            0.0098 0.0005608636099941579  5.450973326648858e-05  F322W2
 3.45424            0.0098 0.00046284562188104653 5.543861590895931e-05  F322W2
 3.4645             0.0108 0.0004682174526691103  5.4738932307605984e-05 F322W2
 3.47477            0.0098 0.00047603163167753734 5.421297407667419e-05  F322W2
 3.48455            0.0098 0.000513083207761853   5.734774101036979e-05  F322W2
 3.49432            0.0098 0.0005782715551396288  5.513242688331816e-05  F322W2
 3.50459            0.0108 0.0005821955050370637  5.3207464285640465e-05 F322W2
 3.51487            0.0098 0.0005722140971027305  5.626901574164053e-05  F322W2
 3.52465            0.0098 0.0005279702945684961  5.830902823736707e-05  F322W2
 3.53443            0.0098 0.0005793756877312972  5.596891597375621e-05  F322W2
 3.54422            0.0098 0.0005636619120614481  5.76307620209027e-05   F322W2
 3.55449            0.0108 0.0006446002717020792  5.3141962131958995e-05 F322W2
 3.56477            0.0098 0.0006060693106671579  5.6138859187226326e-05 F322W2
 3.57456            0.0098 0.0004162394639504627  5.947050632212909e-05  F322W2
 3.58435            0.0098 0.00046240649082477785 5.591102977433267e-05  F322W2
 3.59414            0.0098 0.00053338579312767    5.599354394221382e-05  F322W2
 3.60442            0.0108 0.0005274173926655889  5.3877820685854404e-05 F322W2
 3.6147             0.0098 0.0005337415455203358  5.650086074464083e-05  F322W2
 3.62449            0.0098 0.0005914048523753932  5.8030663585990036e-05 F322W2
 3.63428            0.0098 0.000595551754145077   5.8030949682041915e-05 F322W2
 3.64457            0.0108 0.0005222387559621246  5.4450216995143644e-05 F322W2
 3.65485            0.0098 0.0005315347218674615  5.7256043311596885e-05 F322W2
 3.66465            0.0098 0.0005353685001136387  5.7505493606204886e-05 F322W2
 3.67445            0.0098 0.0005793348983970457  5.979503013414525e-05  F322W2
 3.68424            0.0098 0.0006122495270132057  6.214973827663368e-05  F322W2
 3.69453            0.0108 0.0006433868317772863  5.8835167683361894e-05 F322W2
 3.70482            0.0098 0.0005890502515034817  5.955839822442578e-05  F322W2
 3.71462            0.0098 0.0006216343715649785  5.916469485101111e-05  F322W2
 3.72442            0.0098 0.000611966528371994   5.943621258525448e-05  F322W2
 3.73422            0.0098 0.0006747751431915477  5.912878569651602e-05  F322W2
 3.74452            0.0108 0.0006559883415324254  5.948252910720594e-05  F322W2
 3.75481            0.0098 0.000687684490659222   5.9528455334918584e-05 F322W2
 3.76461            0.0098 0.0006496150055433633  5.802251904069475e-05  F322W2
 3.77442            0.0098 0.0005112974572192373  6.186270121889854e-05  F322W2
 3.78422            0.0098 0.0006325180135165062  5.940411175238366e-05  F322W2
 3.79452            0.0108 0.0005780495448688376  6.212049350896153e-05  F322W2
 3.80481            0.0098 0.0005609023808638854  6.108735258308402e-05  F322W2
 3.81462            0.0098 0.0006913959290052326  6.077076331759135e-05  F322W2
 3.82443            0.0098 0.0006206995920659977  6.158552393463731e-05  F322W2
 3.83423            0.0098 0.0004818438821763955  6.130735795334554e-05  F322W2
 3.84453            0.0108 0.0006344560350354558  5.9280196213954876e-05 F322W2
 3.85483            0.0098 0.0007000886774940212  6.307846458202856e-05  F322W2
 3.86464            0.0098 0.0005821938400762933  6.712358083698355e-05  F322W2
 3.87445            0.0098 0.0006267822400698959  6.507202351225705e-05  F322W2
 3.88426            0.0098 0.000637048719889064   6.124024859677727e-05  F322W2
 3.8943649999999996 0.0103 0.0006532333628057603  6.295319374902628e-05  Avg
 3.90466            0.0103 0.0006199171438586706  5.78801369048015e-05   Avg
 3.914705           0.0098 0.0006717470984425704  5.614356753176675e-05  Avg
 3.9245099999999997 0.0098 0.0006568829036758832  5.3644521296285005e-05 Avg
 3.934315           0.0098 0.0006138883262139766  5.427808922135051e-05  Avg
 3.944365           0.0103 0.0005934268674425407  5.4227140963769765e-05 Avg
 3.95442            0.0108 0.000666460517685431   4.6942378450681186e-05 F444W
 3.9647             0.0098 0.0006297340190205053  4.889024042925285e-05  F444W
 3.9745             0.0098 0.0006155505166260567  4.7559514200674014e-05 F444W
 3.9843             0.0098 0.0006394859804511764  4.9766700851354414e-05 F444W
 3.99458            0.0108 0.0006228316359943663  4.6049991487890676e-05 F444W
 4.00487            0.0098 0.0006802865242546557  4.7398020640606495e-05 F444W
 4.01467            0.0098 0.0006039476234100654  4.974621684078593e-05  F444W
 4.02446            0.0098 0.0007385666375704873  4.951203532992479e-05  F444W
 4.03426            0.0098 0.000510626152830723   4.961053098099591e-05  F444W
 4.04455            0.0108 0.0006326299818715207  4.6456654916635955e-05 F444W
 4.05483            0.0098 0.0006107722217573507  5.1299122249433874e-05 F444W
 4.06463            0.0098 0.0006570606881306746  4.7848048758839624e-05 F444W
 4.07442            0.0098 0.000713819056160114   4.958344193771344e-05  F444W
 4.08422            0.0098 0.0006883147545752879  4.8415117219323816e-05 F444W
 4.09451            0.0108 0.0005484947180449818  4.721653483643111e-05  F444W
 4.10479            0.0098 0.00077509099978787    5.096150767938954e-05  F444W
 4.11459            0.0098 0.0006749154951782363  5.006874806800193e-05  F444W
 4.12439            0.0098 0.0005880175047045396  5.004411581140081e-05  F444W
 4.13418            0.0098 0.0006572753445286086  4.924029616073818e-05  F444W
 4.14447            0.0108 0.0006705827468682412  4.984714437153791e-05  F444W
 4.15476            0.0098 0.0006561952329563827  5.323525858718061e-05  F444W
 4.16455            0.0098 0.000659298872722436   5.2160867206478295e-05 F444W
 4.17435            0.0098 0.0006443938880342892  5.523620977540346e-05  F444W
 4.18415            0.0098 0.0007295022437871181  5.3006311583388e-05    F444W
 4.19443            0.0108 0.0006706582005987962  5.367200065681035e-05  F444W
 4.20472            0.0098 0.0006225057713198563  5.820301155785125e-05  F444W
 4.21451            0.0098 0.0005622281598565802  5.6007751275774726e-05 F444W
 4.22431            0.0098 0.00043333547673771525 5.799886967678587e-05  F444W
 4.2346             0.0108 0.0006392811500819486  5.310772623834857e-05  F444W
 4.24488            0.0098 0.0004877193941427742  5.513390126250776e-05  F444W
 4.25468            0.0098 0.00036302340485860044 5.510068253711661e-05  F444W
 4.26448            0.0098 0.00045626273270075096 5.4728043446072134e-05 F444W
 4.27427            0.0098 0.0003938671978020169  5.564809135725717e-05  F444W
 4.28456            0.0108 0.00041672590480885713 5.297071680615804e-05  F444W
 4.29485            0.0098 0.0003171607993220159  5.917463835155944e-05  F444W
 4.30464            0.0098 0.00040092232563517573 5.7719958617595454e-05 F444W
 4.31444            0.0098 0.0004955746509157416  6.0640516728932153e-05 F444W
 4.32424            0.0098 0.00038368848432317773 5.3970071036968876e-05 F444W
 4.33452            0.0108 0.00037673635084918165 5.687344314092824e-05  F444W
 4.34481            0.0098 0.0003544512680172864  5.797701648112327e-05  F444W
 4.3546             0.0098 0.00043317843653186636 6.175315301370661e-05  F444W
 4.3644             0.0098 0.00038810489990823274 6.0244118939161804e-05 F444W
 4.3742             0.0098 0.0004850329182032562  5.976532940385246e-05  F444W
 4.38448            0.0108 0.0004652163579685792  5.8574875406464906e-05 F444W
 4.39477            0.0098 0.0004932831804213492  5.996273630953727e-05  F444W
 4.40457            0.0098 0.0004989848228832784  6.214156139475345e-05  F444W
 4.41436            0.0098 0.0006001641224024643  6.515306165043328e-05  F444W
 4.42416            0.0098 0.0004351355642007723  6.386699811074973e-05  F444W
 4.43445            0.0108 0.00041046659891233434 6.103003478063993e-05  F444W
 4.44473            0.0098 0.0005171986481583949  6.347890838052277e-05  F444W
 4.45453            0.0098 0.0005558608578476894  6.364576266714441e-05  F444W
 4.46433            0.0098 0.0005677151595177398  6.531706406305167e-05  F444W
 4.47461            0.0108 0.0005794872547344533  6.122122930240435e-05  F444W
 4.4849             0.0098 0.0005860584667365659  6.449291333855078e-05  F444W
 4.49469            0.0098 0.0006384469809581748  6.482917773582389e-05  F444W
 4.50449            0.0098 0.00040101756825036233 6.50282139956605e-05   F444W
 4.51429            0.0098 0.0006527900372341485  6.682100081427493e-05  F444W
 4.52457            0.0108 0.0005654931345105547  6.760095845840947e-05  F444W
 4.53486            0.0098 0.0006214292405556053  6.547135314663315e-05  F444W
 4.54466            0.0098 0.0006105664190518939  6.873816436065713e-05  F444W
 4.55445            0.0098 0.000655454847997083   6.787405025291012e-05  F444W
 4.56425            0.0098 0.0008495949982151852  7.188114714203397e-05  F444W
 4.57454            0.0108 0.0006036606233209589  6.768587112669003e-05  F444W
 4.58482            0.0098 0.0010827420925010032  7.681877105779492e-05  F444W
 4.59462            0.0098 0.0008519948646689017  7.026309078612718e-05  F444W
 4.60441            0.0098 0.000803530943400152   6.832749664418704e-05  F444W
 4.61421            0.0098 0.0007428292915837509  7.013462398949461e-05  F444W
 4.6245             0.0108 0.0008297163232519087  7.061263477161263e-05  F444W
 4.63478            0.0098 0.000522219096799045   6.900523550713392e-05  F444W
 4.64458            0.0098 0.0009138496077849551  7.472510851380851e-05  F444W
 4.65438            0.0098 0.0006870721742554623  7.352837411367392e-05  F444W
 4.66417            0.0098 0.000811066191997554   7.372833771010041e-05  F444W
 4.67446            0.0108 0.0006626335249728142  7.103304183461754e-05  F444W
 4.68475            0.0098 0.0007809138654424873  7.318094386609462e-05  F444W
 4.69454            0.0098 0.0007599700166709706  7.353309088064463e-05  F444W
 4.70434            0.0098 0.000873800433790742   7.651024812525873e-05  F444W
 4.71414            0.0098 0.000730429241417397   7.617060716069685e-05  F444W
 4.72442            0.0108 0.0008164528209408813  6.988686910302645e-05  F444W
 4.73471            0.0098 0.0008007717807277001  7.35269107493494e-05   F444W
 4.7445             0.0098 0.0008552563018410929  7.406549253897952e-05  F444W
 4.7543             0.0098 0.0008577507777430765  7.513942237039273e-05  F444W
 4.76459            0.0108 0.00083501493994016    7.452630669217014e-05  F444W
 4.77487            0.0098 0.000795616847449295   7.661167647313276e-05  F444W
 4.78467            0.0098 0.0008601095736168103  8.016238420631723e-05  F444W
 4.79447            0.0098 0.0008132683562281873  8.002300074410374e-05  F444W
 4.80426            0.0098 0.0007397511909962332  7.708324165301548e-05  F444W
 4.81455            0.0108 0.0006337785096493704  7.206646497100851e-05  F444W
 4.82484            0.0098 0.0007514836247632275  8.725719151987207e-05  F444W
 4.83463            0.0098 0.000766834698605838   8.033498727708987e-05  F444W
 4.84443            0.0098 0.0006361481755476522  8.081542818310334e-05  F444W
 4.85423            0.0098 0.0007862870222741991  8.028167020459957e-05  F444W
 4.86451            0.0108 0.0007129179140960829  7.68207531551441e-05   F444W
 4.8748             0.0098 0.0007240270724021496  8.570672396541652e-05  F444W
 4.88459            0.0098 0.0007421526770850631  8.461303756969865e-05  F444W
 4.89439            0.0098 0.0007806491405775761  8.432654406806719e-05  F444W
 4.90419            0.0098 0.000642420183859882   8.449351856349104e-05  F444W
 4.91447            0.0108 0.0008222043295232068  8.552064545195907e-05  F444W
 4.92476            0.0098 0.0006647142724469024  9.025478688541656e-05  F444W
 4.93456            0.0098 0.000782080377067073   8.344900602022874e-05  F444W
 4.94435            0.0098 0.0008694786601053696  9.622216397566946e-05  F444W
 4.95415            0.0098 0.0007932322976015947  9.093577034903349e-05  F444W
 4.96444            0.0108 0.0010096068287487603  9.423789571136779e-05  F444W
 5.125              0.25   0.000934               9.1e-05                LRS
 5.375              0.25   0.000965               5.4e-05                LRS
 5.625              0.25   0.000847               6.1e-05                LRS
 5.875              0.25   0.001057               4.5e-05                LRS
 6.125              0.25   0.001238               4.6e-05                LRS
 6.375              0.25   0.00112                6e-05                  LRS
 6.625              0.25   0.001086               3.9e-05                LRS
 6.875              0.25   0.001263               9.5e-05                LRS
 7.125              0.25   0.001234               5.3e-05                LRS
 7.375              0.25   0.00129                3.8e-05                LRS
 7.625              0.25   0.001396               7.4e-05                LRS
 7.875              0.25   0.001558               4.8e-05                LRS
 8.125              0.25   0.001535               5e-05                  LRS
 8.375              0.25   0.001556               5.9e-05                LRS
 8.625              0.25   0.001598               5.2e-05                LRS
 8.875              0.25   0.001717               5.3e-05                LRS
 9.125              0.25   0.001741               6.9e-05                LRS
 9.375              0.25   0.002033               5.6e-05                LRS
 9.625              0.25   0.002083               5.9e-05                LRS
 9.875              0.25   0.002135               7.4e-05                LRS
10.125              0.25   0.002234               6.7e-05                LRS
10.375              0.25   0.00222                9.6e-05                LRS
10.625              0.25   0.002077               8.8e-05                LRS
10.875              0.25   0.002135               0.000139               LRS
11.125              0.25   0.002197               0.000154               LRS
11.375              0.25   0.00228                0.000152               LRS
11.625              0.25   0.002494               0.000217               LRS
11.875              0.25   0.002547               0.000221               LRS
