# wl (microns), transit_depth (ppm), transit_depth_err (ppm)
2.875e+00 6.63408e+02 3.5651e+01
2.885e+00 6.44207e+02 3.6308e+01
2.895e+00 6.00162e+02 3.5011e+01
2.905e+00 5.78366e+02 3.5314e+01
2.915e+00 6.28587e+02 3.3950e+01
2.925e+00 6.24581e+02 3.4029e+01
2.935e+00 5.86010e+02 3.2052e+01
2.945e+00 6.72380e+02 3.2635e+01
2.955e+00 6.05226e+02 3.2149e+01
2.965e+00 6.48350e+02 3.1770e+01
2.975e+00 6.04902e+02 3.0965e+01
2.985e+00 6.08741e+02 3.3020e+01
2.995e+00 5.84427e+02 3.0697e+01
3.005e+00 6.16492e+02 3.0867e+01
3.015e+00 6.30707e+02 3.0930e+01
3.025e+00 5.88837e+02 3.1118e+01
3.035e+00 6.18954e+02 3.2288e+01
3.045e+00 5.95474e+02 3.0730e+01
3.055e+00 6.21705e+02 2.9861e+01
3.065e+00 6.49081e+02 3.0333e+01
3.075e+00 5.83508e+02 3.0113e+01
3.085e+00 6.33303e+02 3.0432e+01
3.095e+00 6.12731e+02 2.9718e+01
3.105e+00 6.02163e+02 3.0012e+01
3.115e+00 6.00339e+02 3.0948e+01
3.125e+00 6.26814e+02 2.9337e+01
3.135e+00 5.60489e+02 2.9630e+01
3.145e+00 6.15673e+02 3.0002e+01
3.155e+00 5.84821e+02 2.9513e+01
3.165e+00 6.73803e+02 2.9534e+01
3.175e+00 5.79432e+02 2.9535e+01
3.185e+00 6.17849e+02 2.9460e+01
3.195e+00 6.21338e+02 2.9895e+01
3.205e+00 6.46935e+02 2.9503e+01
3.215e+00 6.02255e+02 3.0043e+01
3.225e+00 6.01836e+02 3.0338e+01
3.235e+00 5.72161e+02 3.0517e+01
3.245e+00 5.57641e+02 3.0097e+01
3.255e+00 6.93399e+02 2.9083e+01
3.265e+00 5.55630e+02 2.9131e+01
3.275e+00 6.19724e+02 2.9636e+01
3.285e+00 6.02250e+02 2.9664e+01
3.295e+00 5.89304e+02 2.9975e+01
3.305e+00 6.50899e+02 2.9315e+01
3.315e+00 6.44535e+02 2.9678e+01
3.325e+00 6.65048e+02 2.9319e+01
3.335e+00 6.66242e+02 3.0045e+01
3.345e+00 6.23377e+02 2.9524e+01
3.355e+00 6.08540e+02 2.9548e+01
3.365e+00 6.37351e+02 2.9800e+01
3.375e+00 6.44482e+02 2.9588e+01
3.385e+00 6.33190e+02 2.9406e+01
3.395e+00 6.11745e+02 3.0095e+01
3.405e+00 5.52898e+02 2.9520e+01
3.415e+00 6.84003e+02 2.9689e+01
3.425e+00 6.08484e+02 2.9606e+01
3.435e+00 6.10975e+02 3.0649e+01
3.445e+00 5.75752e+02 2.9329e+01
3.455e+00 6.48262e+02 3.0657e+01
3.465e+00 6.04228e+02 2.9166e+01
3.475e+00 5.79293e+02 2.9609e+01
3.485e+00 6.35161e+02 2.9764e+01
3.495e+00 6.68117e+02 3.1133e+01
3.505e+00 6.43141e+02 2.9223e+01
3.515e+00 5.95647e+02 2.9422e+01
3.525e+00 6.62170e+02 2.9993e+01
3.535e+00 6.62099e+02 3.0765e+01
3.545e+00 6.65262e+02 2.9309e+01
3.555e+00 5.93460e+02 3.0049e+01
3.565e+00 6.01782e+02 2.9151e+01
3.575e+00 6.24667e+02 3.0331e+01
3.585e+00 5.96315e+02 2.9829e+01
3.595e+00 6.00172e+02 3.0075e+01
3.605e+00 6.33989e+02 3.1139e+01
3.615e+00 6.16796e+02 3.0708e+01
3.625e+00 6.15639e+02 3.0463e+01
3.635e+00 6.23144e+02 3.0619e+01
3.645e+00 5.90285e+02 3.0653e+01
3.655e+00 6.32333e+02 3.0955e+01
3.665e+00 6.03186e+02 3.0971e+01
3.675e+00 6.36266e+02 3.1416e+01
3.685e+00 6.04449e+02 3.1570e+01
3.695e+00 6.41549e+02 3.0853e+01
3.705e+00 6.07472e+02 3.1148e+01
3.835e+00 6.11345e+02 3.2310e+01
3.845e+00 5.64040e+02 3.2005e+01
3.855e+00 6.15299e+02 3.2042e+01
3.865e+00 6.27795e+02 3.3125e+01
3.875e+00 6.45321e+02 3.2889e+01
3.885e+00 5.90404e+02 3.2423e+01
3.895e+00 5.99455e+02 3.3756e+01
3.905e+00 6.43758e+02 3.3472e+01
3.915e+00 5.81531e+02 3.3330e+01
3.925e+00 6.36523e+02 3.5103e+01
3.935e+00 6.20985e+02 3.3509e+01
3.945e+00 6.43972e+02 3.3566e+01
3.955e+00 6.49011e+02 3.4455e+01
3.965e+00 6.24878e+02 3.4256e+01
3.975e+00 5.92052e+02 3.4640e+01
3.985e+00 6.99510e+02 3.5548e+01
3.995e+00 6.55992e+02 3.5492e+01
4.005e+00 6.23842e+02 3.4722e+01
4.015e+00 6.43018e+02 3.5675e+01
4.025e+00 6.32693e+02 3.5937e+01
4.035e+00 6.09221e+02 3.6170e+01
4.045e+00 6.73495e+02 3.6528e+01
4.055e+00 6.20021e+02 3.6284e+01
4.065e+00 6.19840e+02 3.8196e+01
4.075e+00 6.27818e+02 3.6973e+01
4.085e+00 6.03801e+02 3.7209e+01
4.095e+00 6.59930e+02 3.7123e+01
4.105e+00 6.23863e+02 3.8005e+01
4.115e+00 6.94598e+02 3.7502e+01
4.125e+00 6.35437e+02 3.8333e+01
4.135e+00 6.21209e+02 3.8729e+01
4.145e+00 6.71618e+02 3.8724e+01
4.155e+00 5.97443e+02 3.8875e+01
4.165e+00 6.72068e+02 3.9007e+01
4.175e+00 6.77313e+02 3.9207e+01
4.185e+00 6.37947e+02 3.9214e+01
4.195e+00 6.20683e+02 3.8839e+01
4.205e+00 5.95596e+02 4.0288e+01
4.215e+00 6.63025e+02 4.0139e+01
4.225e+00 5.62030e+02 4.0456e+01
4.235e+00 6.11185e+02 4.0591e+01
4.245e+00 5.58385e+02 4.1091e+01
4.255e+00 6.61367e+02 4.1322e+01
4.265e+00 6.11695e+02 4.2669e+01
4.275e+00 6.53566e+02 4.0988e+01
4.285e+00 6.93323e+02 4.1777e+01
4.295e+00 6.59430e+02 4.4642e+01
4.305e+00 7.08926e+02 4.3758e+01
4.315e+00 6.01832e+02 4.3742e+01
4.325e+00 6.04015e+02 4.3934e+01
4.335e+00 6.32094e+02 4.4177e+01
4.345e+00 6.66200e+02 4.5649e+01
4.355e+00 6.23924e+02 4.6511e+01
4.365e+00 6.32941e+02 4.6510e+01
4.375e+00 6.35884e+02 4.6819e+01
4.385e+00 5.85799e+02 4.7231e+01
4.395e+00 6.41103e+02 4.7980e+01
4.405e+00 6.37518e+02 4.8006e+01
4.415e+00 6.04717e+02 4.9861e+01
4.425e+00 6.61107e+02 4.8623e+01
4.435e+00 6.09509e+02 5.0811e+01
4.445e+00 6.04960e+02 4.8849e+01
4.455e+00 6.54876e+02 4.9475e+01
4.465e+00 6.55407e+02 5.1099e+01
4.475e+00 6.43677e+02 5.0430e+01
4.485e+00 5.33627e+02 5.0450e+01
4.495e+00 6.43391e+02 5.1038e+01
4.505e+00 6.08019e+02 5.1082e+01
4.515e+00 5.89441e+02 5.0326e+01
4.525e+00 5.72178e+02 5.2467e+01
4.535e+00 5.76092e+02 5.2253e+01
4.545e+00 5.19621e+02 5.3043e+01
4.555e+00 5.99996e+02 5.2884e+01
4.565e+00 6.87220e+02 5.3126e+01
4.575e+00 6.39481e+02 5.3166e+01
4.585e+00 5.92369e+02 5.5239e+01
4.595e+00 5.40114e+02 5.5757e+01
4.605e+00 6.54947e+02 5.5185e+01
4.615e+00 6.26430e+02 5.4579e+01
4.625e+00 6.04153e+02 5.4652e+01
4.635e+00 4.99925e+02 5.8270e+01
4.645e+00 6.22315e+02 5.5076e+01
4.655e+00 6.13777e+02 5.5879e+01
4.665e+00 6.46933e+02 5.6010e+01
4.675e+00 5.46232e+02 5.6958e+01
4.685e+00 6.66410e+02 5.8742e+01
4.695e+00 5.43830e+02 5.8628e+01
4.705e+00 5.93226e+02 5.6528e+01
4.715e+00 5.94508e+02 5.9533e+01
4.725e+00 6.81553e+02 5.8021e+01
4.735e+00 6.62244e+02 5.8344e+01
4.745e+00 6.41406e+02 5.8037e+01
4.755e+00 5.78252e+02 6.0269e+01
4.765e+00 6.76348e+02 6.0762e+01
4.775e+00 5.05438e+02 6.1387e+01
4.785e+00 5.84451e+02 6.0225e+01
4.795e+00 5.62932e+02 6.0597e+01
4.805e+00 7.52833e+02 6.1150e+01
4.815e+00 6.97883e+02 6.3573e+01
4.825e+00 5.17400e+02 6.2352e+01
4.835e+00 5.28279e+02 6.4840e+01
4.845e+00 6.18967e+02 6.2157e+01
4.855e+00 6.56071e+02 6.2163e+01
4.865e+00 6.41614e+02 6.3791e+01
4.875e+00 5.73630e+02 6.6049e+01
4.885e+00 6.29806e+02 6.5197e+01
4.895e+00 7.03688e+02 6.5555e+01
4.905e+00 5.56491e+02 6.5886e+01
4.915e+00 5.58501e+02 6.6576e+01
4.925e+00 5.49805e+02 6.8694e+01
4.935e+00 5.91333e+02 6.6250e+01
4.945e+00 6.03153e+02 6.7034e+01
4.955e+00 6.58672e+02 6.6366e+01
4.965e+00 5.48219e+02 6.7839e+01
4.975e+00 6.47133e+02 7.0157e+01
4.985e+00 5.12034e+02 6.9793e+01
4.995e+00 5.79786e+02 6.9999e+01
5.005e+00 6.95350e+02 7.2967e+01
5.015e+00 6.55072e+02 7.3962e+01
5.025e+00 6.13900e+02 7.4151e+01
5.035e+00 6.15121e+02 7.4980e+01
5.045e+00 6.46248e+02 7.3649e+01
5.055e+00 5.95530e+02 7.3427e+01
5.065e+00 6.80412e+02 7.4664e+01
5.075e+00 4.74970e+02 7.3607e+01
5.085e+00 6.05002e+02 7.3647e+01
5.095e+00 6.49566e+02 7.3733e+01
5.105e+00 6.54001e+02 7.0914e+01
5.115e+00 5.32374e+02 7.4719e+01
5.125e+00 5.71320e+02 7.3128e+01
5.135e+00 5.86931e+02 8.0050e+01
5.145e+00 7.46042e+02 7.4702e+01
5.155e+00 5.41179e+02 7.9675e+01
5.165e+00 6.42001e+02 8.6373e+01
