# wl (microns), wl_err (microns), transit_depth, transit_depth_err
2.7244851234390923 0.025835240030661177 0.0005568264195459662 4.601102801317353e-05
2.77615546402295 0.01019517094096023 0.0006239734921157898 3.926280127385398e-05
2.796545749415631 0.010193464305035649 0.0006536063131179521 3.369500187356283e-05
2.8169326207257006 0.010191733346251342 0.0007004540168966219 3.035770326840395e-05
2.83731602930744 0.01018997806460753 0.0006544806170472506 2.7535384977610378e-05
2.857695926515129 0.010188198460103548 0.0006456453906817603 2.6198521314276058e-05
2.8780722637030496 0.010186394532740728 0.000628852746419838 2.656519868192569e-05
2.8984449922254814 0.010184566282518182 0.0006204912128415406 2.575513175384371e-05
2.9188140634367064 0.010182713709435687 0.0006280062322633163 2.5046161627680387e-05
2.9391794286910042 0.01018083681349391 0.0006691583145110561 2.432652390889926e-05
2.959541039342656 0.010178935594692184 0.0006605100451740652 2.4028537484572546e-05
2.9798988467459435 0.010177010053031177 0.0006210541167690793 2.3098645832908255e-05
3.000252802255147 0.010175060188510443 0.0006385157757935826 2.3191876078626648e-05
3.0206028572245462 0.010173086001129983 0.0006245907064072028 2.3389083553346756e-05
3.040948963008423 0.010171087490890462 0.000630055040543505 2.274800719253949e-05
3.061291070961058 0.010169064657791438 0.0006318223699380985 2.2584108560764608e-05
3.081629132436734 0.01016701750183202 0.000646070933666769 2.2719908652846014e-05
3.101963098789728 0.0101649460230131 0.0006467465966311787 2.2939788522509042e-05
3.1222929213743233 0.010162850221335118 0.0006258984878840412 2.2590772086645007e-05
3.1426185515448006 0.010160730096797854 0.0006237393209526813 2.2499210858150956e-05
3.1629399406554404 0.010158585649399754 0.0006376457140675805 2.2228705953063678e-05
3.183257040060523 0.01015641687914326 0.0006500909855757264 2.2141010874021613e-05
3.20356980111433 0.010154223786026373 0.0006329222647387185 2.243061252650103e-05
3.2238781751711416 0.01015200637005087 0.0006124335449381037 2.308403614447598e-05
3.2441821135852407 0.010149764631214753 0.0006437294503904242 2.2047182837588617e-05
3.264481567710905 0.010147498569518909 0.0005970488631114712 2.2660397959302657e-05
3.2847764889024154 0.010145208184964671 0.0006392806845125581 2.2163990877341422e-05
3.305066828514056 0.010142893477550485 0.0006712498823906896 2.245237939709414e-05
3.325352537900105 0.010140554447275463 0.0006692270840172945 2.1958787050890463e-05
3.345633568414843 0.01013819109414249 0.0006638075131175118 2.222960885054798e-05
3.365909871412553 0.010135803418149125 0.0006716989215503941 2.2120137340862843e-05
3.3861813982475137 0.010133391419296256 0.0006111923421921633 2.267609977122551e-05
3.4064481002740075 0.010130955097583882 0.0006658123966240991 2.2379154527585647e-05
3.4267099288463143 0.010128494453011783 0.0006189031359997914 2.2702310032172478e-05
3.4469668353187153 0.0101260094855804 0.0006363722389084401 2.2603439618484486e-05
3.4672187710454905 0.010123500195288848 0.0006303021450679167 2.2723349258484556e-05
3.4874656873809213 0.010120966582137791 0.0006765536488970688 2.258543487066643e-05
3.5077075356792884 0.01011840864612834 0.0006389883028013994 2.2781853601681436e-05
3.5279442672948735 0.010115826387257831 0.0007050675184319094 2.2470359701183285e-05
3.5481758335819564 0.010113219805528484 0.0006347146428057469 2.2533752760111276e-05
3.568402185894818 0.010110588900939188 0.0006437241597556456 2.2967111448945327e-05
3.58862327558774 0.010107933673491054 0.0006391417564836936 2.301305891374117e-05
3.608839054015002 0.010105254123182084 0.0006558808653843952 2.3512797087728772e-05
3.6290494725308857 0.010102550250014497 0.0006297006802450961 2.3481675415808888e-05
3.6492544824896718 0.010099822053986962 0.0006502850548167889 2.32563102429073e-05
3.6694540352456406 0.0100970695350997 0.0006378764993333585 2.3526248416870673e-05
3.689648082153073 0.012449225493062821 0.0006341661014840327 2.151887438537228e-05
3.825573682785034 0.02014491936063001 0.0006159910701727325 1.5351936996270516e-05
3.86586356163025 0.02013330512259648 0.0006462154470968785 1.572279773419737e-05
3.9061298370361333 0.020121525210853752 0.0006207202433005334 1.6213923079984945e-05
3.9463729858398438 0.020094306720236155 0.0006545431199680852 1.6507643535756957e-05
3.9865612983703613 0.020097868448985423 0.0006507914694833384 1.6991035967756453e-05
4.026756763458252 0.020085812338248132 0.0006481939535461737 1.7282076529037388e-05
4.066928386688233 0.02007376654859483 0.0006344572421500028 1.7716863251159674e-05
4.107075691223145 0.020045642458152546 0.0006652280374510195 1.8307065174458704e-05
4.14716672897339 0.020033240736248015 0.0006510231259362812 1.8561064849809185e-05
4.187232971191407 0.020036125051587028 0.0006199147805070942 1.8998529206560064e-05
4.227304935455323 0.020023083186641255 0.0006335680304639034 1.9489586217223787e-05
4.267351150512695 0.019978016714592872 0.0006653163688555575 2.019579345742491e-05
4.30730676651001 0.01999604697863555 0.0006416388256242598 2.1007920699449458e-05
4.347298622131348 0.019967103559723753 0.0006246415893704481 2.1930818391348754e-05
4.387232780456543 0.01995314582669261 0.0006499020423860904 2.2700793017672535e-05
4.427138805389405 0.019938969894193637 0.0006446184215635398 2.3579150689304634e-05
4.467016220092773 0.01992413168004159 0.0006351657630240015 2.4072674197661176e-05
4.506864547729492 0.01990926860943265 0.0005986180975881012 2.4421443659194193e-05
4.546682834625244 0.019894094846044652 0.0006447890092395499 2.528616376582258e-05
4.586470603942872 0.01986208328341199 0.0006377113229432387 2.6042304450822702e-05
4.6261944770813 0.01987850131987079 0.0006173868560096987 2.6604778901373106e-05
4.665951251983643 0.019829988436331103 0.0006253545374957139 2.7262113759763258e-05
4.705610752105713 0.019813409530940795 0.0006602021035434143 2.772152736290676e-05
4.745237350463867 0.019828362888548945 0.0006007505640988596 2.8568139964537175e-05
4.784894943237305 0.01977961676066098 0.0006721317469786298 2.9162995124973916e-05
4.824452877044679 0.01976173648146773 0.0006250301469328354 2.9794051418024907e-05
4.863976001739502 0.019743291174066258 0.0006331100770590128 3.0714907746857924e-05
4.903462409973145 0.0197231930510271 0.0005922299332114889 3.145537082394693e-05
4.942911624908447 0.01972398179639967 0.0006039579822269233 3.23231814602829e-05
4.982356071472169 0.019694705508536803 0.0006363827673586409 3.400963201907332e-05
5.021728515625001 0.019674844432460592 0.0006216642130879419 3.492923617176649e-05
5.061094284057618 0.019646335086804356 0.0005977796958281446 3.454791152737189e-05
5.100386619567871 0.033372539372275245 0.0005957096125265685 2.753499269749057e-05
