\PL_NAME = WASP-17 b
\SPEC_TYPE = Eclipse
\SPEC_NUM = 1
\INSTRUMENT = Mid-Infrared Instrument (MIRI) - LRS
\FACILITY = NASA 6.5m James Webb Space Telescope (JWST) Satellite Mission
\NOTE = ExoTiC-MIRI
\REFERENCE = Valentine et al. 2024
\
\
|CENTRALWAVELNG|BANDWIDTH|ESPECLIPDEP|ESPECLIPDEPERR1|ESPECLIPDEPERR2|ESPECLIPDEPLIM|ESPBRITEMP|ESPBRITEMPERR1|ESPBRITEMPERR2|ESPBRITEMPLIM|      OBS_DATE|OBS_DATEERR1|OBS_DATEERR2|
|        double|   double|     double|         double|         double|          char|    double|        double|        double|         long|          char|        char|        char|
|       microns|  microns|          %|               |               |              |         K|              |              |             |          days|        days|        days|
|          null|     null|       null|           null|           null|          null|      null|          null|          null|         null|          null|        null|        null|
        5.12500   0.25000     0.20330         0.01243        -0.01243           null       1617             47            -47             0 2460018.595620     0.000340    -0.000340 
        5.37500   0.25000     0.22673         0.00814        -0.00814           null       1670             30            -30             0 2460018.595620     0.000340    -0.000340 
        5.62500   0.25000     0.23434         0.01563        -0.01563           null       1664             57            -57             0 2460018.595620     0.000340    -0.000340 
        5.87500   0.25000     0.23031         0.01085        -0.01085           null       1619             39            -39             0 2460018.595620     0.000340    -0.000340 
        6.12500   0.25000     0.26401         0.01416        -0.01416           null       1711             50            -50             0 2460018.595620     0.000340    -0.000340 
        6.37500   0.25000     0.22962         0.01056        -0.01056           null       1561             38            -38             0 2460018.595620     0.000340    -0.000340 
        6.62500   0.25000     0.25556         0.01565        -0.01565           null       1629             55            -55             0 2460018.595620     0.000340    -0.000340 
        6.87500   0.25000     0.24699         0.01604        -0.01604           null       1575             57            -57             0 2460018.595620     0.000340    -0.000340 
        7.12500   0.25000     0.25394         0.01770        -0.01770           null       1577             62            -62             0 2460018.595620     0.000340    -0.000340 
        7.37500   0.25000     0.26618         0.01590        -0.01590           null       1596             55            -55             0 2460018.595620     0.000340    -0.000340 
        7.62500   0.25000     0.27584         0.01997        -0.01997           null       1610             69            -69             0 2460018.595620     0.000340    -0.000340 
        7.87500   0.25000     0.25003         0.02130        -0.02130           null       1503             74            -74             0 2460018.595620     0.000340    -0.000340 
        8.12500   0.25000     0.28501         0.02973        -0.02973           null       1606            102           -102             0 2460018.595620     0.000340    -0.000340 
        8.37500   0.25000     0.27185         0.02705        -0.02705           null       1544             93            -93             0 2460018.595620     0.000340    -0.000340 
        8.62500   0.25000     0.25767         0.02644        -0.02644           null       1479             92            -92             0 2460018.595620     0.000340    -0.000340 
        8.87500   0.25000     0.27745         0.03042        -0.03042           null       1533            104           -104             0 2460018.595620     0.000340    -0.000340 
        9.12500   0.25000     0.35331         0.03314        -0.03314           null       1773            111           -111             0 2460018.595620     0.000340    -0.000340 
        9.37500   0.25000     0.29622         0.03459        -0.03459           null       1566            117           -117             0 2460018.595620     0.000340    -0.000340 
        9.62500   0.25000     0.26090         0.03691        -0.03691           null       1434            127           -127             0 2460018.595620     0.000340    -0.000340 
        9.87500   0.25000     0.25930         0.03940        -0.03940           null       1415            135           -135             0 2460018.595620     0.000340    -0.000340 
       10.12500   0.25000     0.31169         0.04204        -0.04204           null       1579            143           -143             0 2460018.595620     0.000340    -0.000340 
       10.37500   0.25000     0.36958         0.05243        -0.05243           null       1761            175           -175             0 2460018.595620     0.000340    -0.000340 
       10.62500   0.25000     0.28976         0.05562        -0.05562           null       1479            189           -189             0 2460018.595620     0.000340    -0.000340 
       10.87500   0.25000     0.26707         0.06521        -0.06521           null       1397            221           -221             0 2460018.595620     0.000340    -0.000340 
       11.12500   0.25000     0.43514         0.07439        -0.07439           null       1940            245           -245             0 2460018.595620     0.000340    -0.000340 
       11.37500   0.25000     0.29259         0.07730        -0.07730           null       1460            262           -262             0 2460018.595620     0.000340    -0.000340 
       11.62500   0.25000     0.39520         0.09295        -0.09295           null       1794            308           -308             0 2460018.595620     0.000340    -0.000340 
       11.87500   0.25000     0.48627         0.11403        -0.11403           null       2086            373           -373             0 2460018.595620     0.000340    -0.000340 
