\PL_NAME = WASP-17 b
\SPEC_TYPE = Eclipse
\SPEC_NUM = 2
\INSTRUMENT = Mid-Infrared Instrument (MIRI) - LRS
\FACILITY = NASA 6.5m James Webb Space Telescope (JWST) Satellite Mission
\NOTE = Eureka!
\REFERENCE = Valentine et al. 2024
\
\
|CENTRALWAVELNG|BANDWIDTH|ESPECLIPDEP|ESPECLIPDEPERR1|ESPECLIPDEPERR2|ESPECLIPDEPLIM|ESPBRITEMP|ESPBRITEMPERR1|ESPBRITEMPERR2|ESPBRITEMPLIM|      OBS_DATE|OBS_DATEERR1|OBS_DATEERR2|
|        double|   double|     double|         double|         double|          char|    double|        double|        double|         long|          char|        char|        char|
|       microns|  microns|          %|               |               |              |         K|              |              |             |          days|        days|        days|
|          null|     null|       null|           null|           null|          null|      null|          null|          null|         null|          null|        null|        null|
        5.12500   0.25000     0.20523         0.01028        -0.01028           null       1624             39            -39             0 2460018.595390     0.000320    -0.000320 
        5.37500   0.25000     0.22673         0.00882        -0.00882           null       1670             33            -33             0 2460018.595390     0.000320    -0.000320 
        5.62500   0.25000     0.23349         0.01177        -0.01177           null       1660             43            -43             0 2460018.595390     0.000320    -0.000320 
        5.87500   0.25000     0.22938         0.01007        -0.01007           null       1616             37            -37             0 2460018.595390     0.000320    -0.000320 
        6.12500   0.25000     0.27826         0.01499        -0.01499           null       1761             52            -52             0 2460018.595390     0.000320    -0.000320 
        6.37500   0.25000     0.23625         0.01074        -0.01074           null       1585             38            -38             0 2460018.595390     0.000320    -0.000320 
        6.62500   0.25000     0.24766         0.01578        -0.01578           null       1601             57            -57             0 2460018.595390     0.000320    -0.000320 
        6.87500   0.25000     0.24942         0.02146        -0.02146           null       1583             76            -76             0 2460018.595390     0.000320    -0.000320 
        7.12500   0.25000     0.25719         0.01717        -0.01717           null       1588             60            -60             0 2460018.595390     0.000320    -0.000320 
        7.37500   0.25000     0.27358         0.01618        -0.01618           null       1621             56            -56             0 2460018.595390     0.000320    -0.000320 
        7.62500   0.25000     0.28022         0.01864        -0.01864           null       1625             63            -63             0 2460018.595390     0.000320    -0.000320 
        7.87500   0.25000     0.24717         0.01769        -0.01769           null       1494             62            -62             0 2460018.595390     0.000320    -0.000320 
        8.12500   0.25000     0.26726         0.02436        -0.02436           null       1544             84            -84             0 2460018.595390     0.000320    -0.000320 
        8.37500   0.25000     0.25983         0.02277        -0.02277           null       1502             78            -78             0 2460018.595390     0.000320    -0.000320 
        8.62500   0.25000     0.26817         0.02290        -0.02290           null       1514             79            -79             0 2460018.595390     0.000320    -0.000320 
        8.87500   0.25000     0.26960         0.02664        -0.02664           null       1506             92            -92             0 2460018.595390     0.000320    -0.000320 
        9.12500   0.25000     0.35120         0.02739        -0.02739           null       1766             91            -91             0 2460018.595390     0.000320    -0.000320 
        9.37500   0.25000     0.32357         0.03084        -0.03084           null       1657            103           -103             0 2460018.595390     0.000320    -0.000320 
        9.62500   0.25000     0.30083         0.03012        -0.03012           null       1569            102           -102             0 2460018.595390     0.000320    -0.000320 
        9.87500   0.25000     0.25217         0.02482        -0.02482           null       1393             85            -85             0 2460018.595390     0.000320    -0.000320 
       10.12500   0.25000     0.30106         0.03875        -0.03875           null       1545            130           -130             0 2460018.595390     0.000320    -0.000320 
       10.37500   0.25000     0.38475         0.04544        -0.04544           null       1812            151           -151             0 2460018.595390     0.000320    -0.000320 
       10.62500   0.25000     0.28167         0.05012        -0.05012           null       1454            170           -170             0 2460018.595390     0.000320    -0.000320 
       10.87500   0.25000     0.25426         0.05468        -0.05468           null       1351            187           -187             0 2460018.595390     0.000320    -0.000320 
       11.12500   0.25000     0.38751         0.06451        -0.06451           null       1789            209           -209             0 2460018.595390     0.000320    -0.000320 
       11.37500   0.25000     0.33566         0.06778        -0.06778           null       1609            226           -226             0 2460018.595390     0.000320    -0.000320 
       11.62500   0.25000     0.45413         0.07790        -0.07790           null       1986            254           -254             0 2460018.595390     0.000320    -0.000320 
       11.87500   0.25000     0.50159         0.09763        -0.09763           null       2129            315           -315             0 2460018.595390     0.000320    -0.000320 
