1																			
86	0	50	4																
1	0																		
5	0																		
39	0																		
40	0																		
height	(km)	press	(atm)	temp	(K)	VMR	gas	1	VMR	gas	2	VMR	gas	3	VMR	gas	4	VMR	gas
0	1.00E+02	2.79E+03	1.00E-03	1.00E-03	8.48E-01	1.50E-01												
34.315	7.20E+01	2.70E+03	1.00E-03	1.00E-03	8.48E-01	1.50E-01												
68.663	5.18E+01	2.62E+03	1.00E-03	1.00E-03	8.48E-01	1.50E-01												
103.043	3.73E+01	2.53E+03	1.00E-03	1.00E-03	8.48E-01	1.50E-01												
137.455	2.68E+01	2.45E+03	1.00E-03	1.00E-03	8.48E-01	1.50E-01												
171.899	1.93E+01	2.37E+03	1.00E-03	1.00E-03	8.48E-01	1.50E-01												
206.374	1.39E+01	2.29E+03	1.00E-03	1.00E-03	8.48E-01	1.50E-01												
240.882	1.00E+01	2.22E+03	1.00E-03	1.00E-03	8.48E-01	1.50E-01													
275.421	7.20E+00	2.15E+03	1.00E-03	1.00E-03	8.48E-01	1.50E-01													
309.993	5.18E+00	2.08E+03	1.00E-03	1.00E-03	8.48E-01	1.50E-01													
344.597	3.73E+00	2.01E+03	1.00E-03	1.00E-03	8.48E-01	1.50E-01													
379.233	2.68E+00	1.95E+03	1.00E-03	1.00E-03	8.48E-01	1.50E-01													
413.902	1.93E+00	1.88E+03	1.00E-03	1.00E-03	8.48E-01	1.50E-01													
448.602	1.39E+00	1.82E+03	1.00E-03	1.00E-03	8.48E-01	1.50E-01													
483.336	1.00E+00	1.76E+03	1.00E-03	1.00E-03	8.48E-01	1.50E-01													
518.1	7.20E-01	1.71E+03	1.00E-03	1.00E-03	8.48E-01	1.50E-01													
552.898	5.18E-01	1.65E+03	1.00E-03	1.00E-03	8.48E-01	1.50E-01													
587.729	3.73E-01	1.60E+03	1.00E-03	1.00E-03	8.48E-01	1.50E-01													
622.592	2.68E-01	1.55E+03	1.00E-03	1.00E-03	8.48E-01	1.50E-01													
657.488	1.93E-01	1.50E+03	1.00E-03	1.00E-03	8.48E-01	1.50E-01													
692.416	1.39E-01	1.45E+03	1.00E-03	1.00E-03	8.48E-01	1.50E-01													
727.377	1.00E-01	1.40E+03	1.00E-03	1.00E-03	8.48E-01	1.50E-01													
762.37	7.20E-02	1.35E+03	1.00E-03	1.00E-03	8.48E-01	1.50E-01													
797.396	5.18E-02	1.31E+03	1.00E-03	1.00E-03	8.48E-01	1.50E-01													
832.455	3.73E-02	1.27E+03	1.00E-03	1.00E-03	8.48E-01	1.50E-01													
867.547	2.68E-02	1.23E+03	1.00E-03	1.00E-03	8.48E-01	1.50E-01													
902.672	1.93E-02	1.19E+03	1.00E-03	1.00E-03	8.48E-01	1.50E-01													
937.83	1.39E-02	1.15E+03	1.00E-03	1.00E-03	8.48E-01	1.50E-01													
973.021	1.00E-02	1.11E+03	1.00E-03	1.00E-03	8.48E-01	1.50E-01													
1008.244	7.20E-03	1.08E+03	1.00E-03	1.00E-03	8.48E-01	1.50E-01													
1043.501	5.18E-03	1.04E+03	1.00E-03	1.00E-03	8.48E-01	1.50E-01													
1078.791	3.73E-03	1.01E+03	1.00E-03	1.00E-03	8.48E-01	1.50E-01													
1114.115	2.68E-03	9.75E+02	1.00E-03	1.00E-03	8.48E-01	1.50E-01													
1149.471	1.93E-03	9.43E+02	1.00E-03	1.00E-03	8.48E-01	1.50E-01													
1184.861	1.39E-03	9.13E+02	1.00E-03	1.00E-03	8.48E-01	1.50E-01													
1220.284	1.00E-03	8.83E+02	1.00E-03	1.00E-03	8.48E-01	1.50E-01													
1255.74	7.20E-04	8.55E+02	1.00E-03	1.00E-03	8.48E-01	1.50E-01													
1291.229	5.18E-04	8.27E+02	1.00E-03	1.00E-03	8.48E-01	1.50E-01													
1326.753	3.73E-04	8.00E+02	1.00E-03	1.00E-03	8.48E-01	1.50E-01													
1362.31	2.68E-04	7.74E+02	1.00E-03	1.00E-03	8.48E-01	1.50E-01													
1397.9	1.93E-04	7.49E+02	1.00E-03	1.00E-03	8.48E-01	1.50E-01													
1433.524	1.39E-04	7.25E+02	1.00E-03	1.00E-03	8.48E-01	1.50E-01													
1469.182	1.00E-04	7.02E+02	1.00E-03	1.00E-03	8.48E-01	1.50E-01													
1504.872	7.20E-05	6.79E+02	1.00E-03	1.00E-03	8.48E-01	1.50E-01													
1540.597	5.18E-05	6.57E+02	1.00E-03	1.00E-03	8.48E-01	1.50E-01													
1576.357	3.73E-05	6.36E+02	1.00E-03	1.00E-03	8.48E-01	1.50E-01													
1612.149	2.68E-05	6.15E+02	1.00E-03	1.00E-03	8.48E-01	1.50E-01													
1647.976	1.93E-05	5.95E+02	1.00E-03	1.00E-03	8.48E-01	1.50E-01													
1683.836	1.39E-05	5.76E+02	1.00E-03	1.00E-03	8.48E-01	1.50E-01													
1719.731	1.00E-05	5.57E+02	1.00E-03	1.00E-03	8.48E-01	1.50E-01													