           1
  86   0.00  50  4
   1    0
   5    0
  39    0
  40    0
  height (km)  press (atm)   temp (K)    VMR gas  1   VMR gas  2   VMR gas  3   VMR gas  4   VMR gas
         0.000  0.10000E+03    1400.0000  0.10000E-02  0.10000E-02  0.84830E+00  0.14970E+00
        34.315  0.71969E+02    1400.0000  0.10000E-02  0.10000E-02  0.84830E+00  0.14970E+00
        68.663  0.51795E+02    1400.0000  0.10000E-02  0.10000E-02  0.84830E+00  0.14970E+00
       103.043  0.37276E+02    1400.0000  0.10000E-02  0.10000E-02  0.84830E+00  0.14970E+00
       137.455  0.26827E+02    1400.0000  0.10000E-02  0.10000E-02  0.84830E+00  0.14970E+00
       171.899  0.19307E+02    1400.0000  0.10000E-02  0.10000E-02  0.84830E+00  0.14970E+00
       206.374  0.13895E+02    1400.0000  0.10000E-02  0.10000E-02  0.84830E+00  0.14970E+00
       240.882  0.10000E+02    1400.0000  0.10000E-02  0.10000E-02  0.84830E+00  0.14970E+00
       275.421  0.71969E+01    1400.0000  0.10000E-02  0.10000E-02  0.84830E+00  0.14970E+00
       309.993  0.51795E+01    1400.0000  0.10000E-02  0.10000E-02  0.84830E+00  0.14970E+00
       344.597  0.37276E+01    1400.0000  0.10000E-02  0.10000E-02  0.84830E+00  0.14970E+00
       379.233  0.26827E+01    1400.0000  0.10000E-02  0.10000E-02  0.84830E+00  0.14970E+00
       413.902  0.19307E+01    1400.0000  0.10000E-02  0.10000E-02  0.84830E+00  0.14970E+00
       448.602  0.13895E+01    1400.0000  0.10000E-02  0.10000E-02  0.84830E+00  0.14970E+00
       483.336  0.10000E+01    1400.0000  0.10000E-02  0.10000E-02  0.84830E+00  0.14970E+00
       518.100  0.71969E+00    1400.0000  0.10000E-02  0.10000E-02  0.84830E+00  0.14970E+00
       552.898  0.51795E+00    1400.0000  0.10000E-02  0.10000E-02  0.84830E+00  0.14970E+00
       587.729  0.37276E+00    1400.0000  0.10000E-02  0.10000E-02  0.84830E+00  0.14970E+00
       622.592  0.26827E+00    1400.0000  0.10000E-02  0.10000E-02  0.84830E+00  0.14970E+00
       657.488  0.19307E+00    1400.0000  0.10000E-02  0.10000E-02  0.84830E+00  0.14970E+00
       692.416  0.13895E+00    1400.0000  0.10000E-02  0.10000E-02  0.84830E+00  0.14970E+00
       727.377  0.10000E+00    1400.0000  0.10000E-02  0.10000E-02  0.84830E+00  0.14970E+00
       762.370  0.71969E-01    1400.0000  0.10000E-02  0.10000E-02  0.84830E+00  0.14970E+00
       797.396  0.51795E-01    1400.0000  0.10000E-02  0.10000E-02  0.84830E+00  0.14970E+00
       832.455  0.37276E-01    1400.0000  0.10000E-02  0.10000E-02  0.84830E+00  0.14970E+00
       867.547  0.26827E-01    1400.0000  0.10000E-02  0.10000E-02  0.84830E+00  0.14970E+00
       902.672  0.19307E-01    1400.0000  0.10000E-02  0.10000E-02  0.84830E+00  0.14970E+00
       937.830  0.13895E-01    1400.0000  0.10000E-02  0.10000E-02  0.84830E+00  0.14970E+00
       973.021  0.10000E-01    1400.0000  0.10000E-02  0.10000E-02  0.84830E+00  0.14970E+00
      1008.244  0.71969E-02    1400.0000  0.10000E-02  0.10000E-02  0.84830E+00  0.14970E+00
      1043.501  0.51795E-02    1400.0000  0.10000E-02  0.10000E-02  0.84830E+00  0.14970E+00
      1078.791  0.37276E-02    1400.0000  0.10000E-02  0.10000E-02  0.84830E+00  0.14970E+00
      1114.115  0.26827E-02    1400.0000  0.10000E-02  0.10000E-02  0.84830E+00  0.14970E+00
      1149.471  0.19307E-02    1400.0000  0.10000E-02  0.10000E-02  0.84830E+00  0.14970E+00
      1184.861  0.13895E-02    1400.0000  0.10000E-02  0.10000E-02  0.84830E+00  0.14970E+00
      1220.284  0.10000E-02    1400.0000  0.10000E-02  0.10000E-02  0.84830E+00  0.14970E+00
      1255.740  0.71969E-03    1400.0000  0.10000E-02  0.10000E-02  0.84830E+00  0.14970E+00
      1291.229  0.51795E-03    1400.0000  0.10000E-02  0.10000E-02  0.84830E+00  0.14970E+00
      1326.753  0.37276E-03    1400.0000  0.10000E-02  0.10000E-02  0.84830E+00  0.14970E+00
      1362.310  0.26827E-03    1400.0000  0.10000E-02  0.10000E-02  0.84830E+00  0.14970E+00
      1397.900  0.19307E-03    1400.0000  0.10000E-02  0.10000E-02  0.84830E+00  0.14970E+00
      1433.524  0.13895E-03    1400.0000  0.10000E-02  0.10000E-02  0.84830E+00  0.14970E+00
      1469.182  0.10000E-03    1400.0000  0.10000E-02  0.10000E-02  0.84830E+00  0.14970E+00
      1504.872  0.71969E-04    1400.0000  0.10000E-02  0.10000E-02  0.84830E+00  0.14970E+00
      1540.597  0.51795E-04    1400.0000  0.10000E-02  0.10000E-02  0.84830E+00  0.14970E+00
      1576.357  0.37276E-04    1400.0000  0.10000E-02  0.10000E-02  0.84830E+00  0.14970E+00
      1612.149  0.26827E-04    1400.0000  0.10000E-02  0.10000E-02  0.84830E+00  0.14970E+00
      1647.976  0.19307E-04    1400.0000  0.10000E-02  0.10000E-02  0.84830E+00  0.14970E+00
      1683.836  0.13895E-04    1400.0000  0.10000E-02  0.10000E-02  0.84830E+00  0.14970E+00
      1719.731  0.10000E-04    1400.0000  0.10000E-02  0.10000E-02  0.84830E+00  0.14970E+00
